96
22
18
74
83
8
56
24
61
30
82
97
62
40
13
14
25
32
41
5
4
99
55
9
8
56
7
38
11
28
59
13
72
38
52
30
51
91
25
98
44
8
59
96
51
92
5
56
2
65
46
64
92
38
76
36
2
21
80
39
82
59
7
69
67
96
35
84
37
19
76
10
1
48
1
21
20
84
49
69
2
1
24
85
40
33
22
5
72
25
59
88
52
79
55
8
62
40
95
12
66
50
32
41
58
21
10
20
40
54
37
17
43
99
38
28
5
9
21
92
81
16
84
20
95
94
3
60
57
21
25
32
90
82
44
69
97
53
5
89
32
76
68
17
54
33
34
63
70
68
12
71
25
58
78
89
61
36
83
75
5
87
4
7
40
91
7
16
82
22
82
46
9
16
59
19
21
95
100
94
76
48
87
68
85
78
29
16
34
80
35
90
97
92
24
55
35
44
59
61
15
41
98
70
10
12
70
20
43
7
29
88
75
18
12
48
67
57
95
39
13
57
27
26
35
86
81
15
85
9
48
12
93
33
93
98
9
42
30
68
42
73
27
78
4
8
65
95
35
84
44
65
23
57
65
67
13
52
70
54
39
74
10
81
59
86
26
58
54
29
24
3
5
42
90
71
8
26
14
81
94
24
73
58
48
75
96
45
94
81
84
70
1
74
47
75
95
75
43
96
90
51
86
12
46
75
38
14
97
55
67
93
56
47
36
76
2
68
39
78
58
25
17
53
90
87
22
78
76
60
9
27
34
92
50
26
63
18
6
77
95
95
89
53
52
97
28
22
38
59
60
56
45
93
70
45
93
46
100
49
48
74
8
80
51
38
35
84
7
77
33
73
41
60
74
48
90
94
39
77
93
25
8
21
32
68
17
48
9
11
22
12
8
1
31
16
2
76
91
50
70
7
95
47
83
14
2
68
66
38
33
5
96
37
60
77
9
42
66
57
7
46
52
7
88
42
91
12
62
31
53
10
12
93
88
13
55
92
46
33
94
87
79
82
22
4
34
99
8
13
70
66
92
7
23
44
49
12
50
87
24
73
89
14
69
58
67
25
53
38
18
66
47
12
54
77
79
38
81
44
29
70
6
4
81
9
11
47
69
71
6
70
50
32
90
93
48
88
70
14
8
95
38
56
39
61
93
33
69
66
63
10
27
10
77
28
59
67
1
67
85
76
53
56
33
35
39
45
54
47
95
36
4
16
81
100
15
44
42
87
74
47
19
29
5
49
32
53
54
98
32
62
57
46
72
13
24
28
8
59
35
23
76
16
75
86
51
15
50
97
53
65
10
63
31
83
2
62
92
35
98
19
2
95
25
62
1
52
49
78
62
66
30
81
64
96
66
11
81
45
9
77
72
34
98
70
60
35
80
6
7
79
90
36
46
64
42
50
61
45
42
64
29
1
70
94
60
14
80
87
19
85
17
34
66
16
20
69
15
79
11
41
32
84
65
91
100
95
83
21
18
93
6
22
73
43
30
35
50
11
46
40
92
26
33
74
31
50
95
71
70
42
88
22
47
76
53
6
36
49
29
9
27
79
86
11
52
96
82
80
9
88
28
26
93
73
49
83
9
89
64
43
57
11
39
99
16
57
9
5
23
26
36
59
37
88
47
91
72
35
9
14
92
51
14
89
33
95
32
9
64
42
55
19
7
34
83
59
99
91
42
15
30
27
37
39
1
58
65
1
18
55
62
35
32
100
58
7
83
87
5
71
61
42
45
9
69
21
55
10
60
6
3
80
76
10
67
63
34
82
1
82
52
42
87
30
32
40
17
99
6
87
65
47
74
1
14
6
81
15
28
45
99
51
93
29
75
89
82
41
69
100
57
3
60
44
78
10
60
52
18
80
11
37
51
72
50
10
56
41
96
63
77
49
72
60
73
54
55
15
99
5
59
9
10
2
99
39
47
87
61
16
18
47
4
93
42
12
100
80
98
87
50
100
2
13
14
79
28
25
31
68
47
87
32
38
76
42
63
87
36
37
55
22
39
57
91
59
86
34
93
60
10
30
27
69
20
51
79
87
6
83
62
92
35
38
77
70
58
66
2
6
100
5
81
59
31
44
8
22
72
34
59
80
97
83
5
67
68
78
75
85
56
51
79
74
35
32
84
80
24
34
82
78
88
89
66
44
74
63
80
46
81
89
88
11
88
72
12
91
72
9
69
12
16
92
18
56
27
15
80
54
59
79
19
82
66
81
11
77
35
32
13
95
45
27
49
95
37
31
20
68
9
99
44
68
3
90
86
27